image_width: 640
image_height: 480
camera_matrix:
  rows: 3
  cols: 3
  data: [ 704., 0., 330.,
          0., 683., 231.,
          0., 0., 1. ]
distortion_coefficients:
  rows: 1
  cols: 5
  data: [ -3.50884218e-01, 4.05083170e+00, 8.00374191e-03, 7.51793206e-05, -1.77952054e+01 ]
